48 81 EC 68 01 00 00 48 8B 84 24 A8 01 00 00 48
8B 84 24 A0 01 00 00 48 8B 84 24 98 01 00 00 8B
84 24 90 01 00 00 4C 89 8C 24 58 01 00 00 44 89
84 24 54 01 00 00 89 94 24 50 01 00 00 48 89 8C
24 48 01 00 00 48 83 BC 24 48 01 00 00 00 0F 84
0E 00 00 00 83 BC 24 50 01 00 00 0B 0F 8D 10 00
00 00 C7 84 24 64 01 00 00 00 00 00 00 E9 4A 0B
00 00 48 8B 84 24 48 01 00 00 8B 8C 24 50 01 00
00 83 E9 01 48 63 C9 8A 04 08 88 84 24 47 01 00
00 48 8B 84 24 48 01 00 00 8B 8C 24 50 01 00 00
83 E9 02 48 63 C9 8A 04 08 88 84 24 46 01 00 00
44 8A 8C 24 46 01 00 00 44 8A 84 24 47 01 00 00
48 8B 8C 24 48 01 00 00 BA 09 00 00 00 E8 FE 0A
00 00 48 8B 84 24 48 01 00 00 66 8B 00 66 89 84
24 44 01 00 00 48 8B 84 24 48 01 00 00 66 8B 40
02 66 89 84 24 42 01 00 00 48 8B 84 24 48 01 00
00 66 8B 40 04 66 89 84 24 40 01 00 00 48 8B 84
24 48 01 00 00 66 8B 40 06 66 89 84 24 3E 01 00
00 48 8B 84 24 48 01 00 00 8A 40 08 88 84 24 3D
01 00 00 48 8B 84 24 48 01 00 00 C6 40 08 00 44
8A 8C 24 46 01 00 00 44 8A 84 24 47 01 00 00 48
8B 8C 24 48 01 00 00 BA 09 00 00 00 E8 6F 0A 00
00 8B 84 24 50 01 00 00 0F B7 8C 24 44 01 00 00
0F B7 94 24 42 01 00 00 01 D1 0F B7 94 24 40 01
00 00 01 D1 0F B7 94 24 3E 01 00 00 01 D1 83 C1
0B 39 C8 0F 8D 10 00 00 00 C7 84 24 64 01 00 00
00 00 00 00 E9 13 0A 00 00 48 8B 84 24 48 01 00
00 48 83 C0 09 48 89 84 24 30 01 00 00 48 8B 84
24 30 01 00 00 0F B7 8C 24 40 01 00 00 48 63 C9
48 01 C8 48 89 84 24 28 01 00 00 48 8B 84 24 28
01 00 00 0F B7 8C 24 3E 01 00 00 48 63 C9 48 01
C8 48 89 84 24 20 01 00 00 48 8B 84 24 20 01 00
00 0F B7 8C 24 44 01 00 00 48 63 C9 48 01 C8 48
89 84 24 18 01 00 00 C7 84 24 14 01 00 00 00 00
00 00 44 8A 8C 24 46 01 00 00 44 8A 84 24 47 01
00 00 0F B7 94 24 3E 01 00 00 48 8B 8C 24 28 01
00 00 E8 89 09 00 00 C7 84 24 0C 01 00 00 00 00
00 00 8B 84 24 0C 01 00 00 0F B7 8C 24 3E 01 00
00 39 C8 0F 8D 68 00 00 00 48 8B 84 24 28 01 00
00 48 63 8C 24 0C 01 00 00 8B 04 08 3B 84 24 54
01 00 00 0F 85 2D 00 00 00 C7 84 24 14 01 00 00
01 00 00 00 48 8B 84 24 28 01 00 00 48 63 8C 24
0C 01 00 00 66 8B 44 08 04 66 89 84 24 12 01 00
00 E9 1B 00 00 00 E9 00 00 00 00 8B 84 24 0C 01
00 00 83 C0 06 89 84 24 0C 01 00 00 E9 81 FF FF
FF 44 8A 8C 24 46 01 00 00 44 8A 84 24 47 01 00
00 0F B7 94 24 3E 01 00 00 48 8B 8C 24 28 01 00
00 E8 DA 08 00 00 83 BC 24 14 01 00 00 00 0F 85
10 00 00 00 C7 84 24 64 01 00 00 00 00 00 00 E9
A8 08 00 00 0F B6 84 24 3D 01 00 00 83 F8 01 0F
85 FC 07 00 00 48 83 3D F3 9E FF FF 00 0F 85 11
00 00 00 B9 A0 0F 00 00 E8 DB 53 FD FF 48 89 05
DC 9E FF FF 48 83 3D DC 9E FF FF 00 0F 85 11 00
00 00 B9 40 1F 00 00 E8 BC 53 FD FF 48 89 05 C5
9E FF FF 48 83 3D CD 9E FF FF 00 0F 85 11 00 00
00 B9 A0 0F 00 00 E8 9D 53 FD FF 48 89 05 B6 9E
FF FF 48 83 3D B6 9E FF FF 00 0F 85 11 00 00 00
B9 40 1F 00 00 E8 7E 53 FD FF 48 89 05 9F 9E FF
FF 48 83 3D 77 9E FF FF 00 0F 84 2A 00 00 00 48
83 3D 71 9E FF FF 00 0F 84 1C 00 00 00 48 83 3D
73 9E FF FF 00 0F 84 0E 00 00 00 48 83 3D 6D 9E
FF FF 00 0F 85 10 00 00 00 C7 84 24 64 01 00 00
00 00 00 00 E9 D3 07 00 00 48 8B 0D 38 9E FF FF
31 D2 41 B8 40 1F 00 00 E8 D3 8C FE FF 48 8B 0D
3C 9E FF FF 31 D2 41 B8 40 1F 00 00 E8 BF 8C FE
FF 0F B7 84 24 42 01 00 00 89 C2 31 C0 89 C1 41
B8 00 30 00 00 41 B9 04 00 00 00 FF 15 7F 51 FF
FF 48 89 84 24 00 01 00 00 48 83 BC 24 00 01 00
00 00 0F 85 10 00 00 00 C7 84 24 64 01 00 00 00
00 00 00 E9 64 07 00 00 44 8A 8C 24 46 01 00 00
44 8A 84 24 47 01 00 00 0F B7 94 24 42 01 00 00
48 8B 8C 24 18 01 00 00 E8 53 07 00 00 C7 84 24
F8 00 00 00 00 00 00 00 8B 84 24 F8 00 00 00 0F
B7 8C 24 40 01 00 00 39 C8 0F 8D E4 05 00 00 81
3D 6F 9D FF FF E8 03 00 00 0F 8D 10 00 00 00 81
3D 77 9D FF FF E8 03 00 00 0F 8C 10 00 00 00 C7
84 24 64 01 00 00 00 00 00 00 E9 ED 06 00 00 44
8A 8C 24 46 01 00 00 44 8A 84 24 47 01 00 00 0F
B7 94 24 40 01 00 00 48 8B 8C 24 30 01 00 00 E8
DC 06 00 00 48 8B 84 24 30 01 00 00 48 63 8C 24
F8 00 00 00 66 8B 04 08 66 89 84 24 F6 00 00 00
48 8B 84 24 30 01 00 00 48 83 C0 02 48 63 8C 24
F8 00 00 00 48 01 C8 48 89 84 24 E8 00 00 00 48
8B 8C 24 E8 00 00 00 E8 E4 57 FD FF 89 84 24 FC
00 00 00 4C 8B 84 24 E8 00 00 00 48 8D 8C 24 B0
00 00 00 BA 32 00 00 00 E8 4B 57 FD FF 83 F8 00
0F 84 35 00 00 00 44 8A 8C 24 46 01 00 00 44 8A
84 24 47 01 00 00 0F B7 94 24 40 01 00 00 48 8B
8C 24 30 01 00 00 E8 45 06 00 00 C7 84 24 64 01
00 00 00 00 00 00 E9 21 06 00 00 48 8B 84 24 E8
00 00 00 48 63 8C 24 FC 00 00 00 8B 44 08 01 89
84 24 AC 00 00 00 44 8A 8C 24 46 01 00 00 44 8A
84 24 47 01 00 00 0F B7 94 24 40 01 00 00 48 8B
8C 24 30 01 00 00 E8 F5 05 00 00 8B 94 24 FC 00
00 00 48 8D 8C 24 B0 00 00 00 E8 51 06 00 00 89
84 24 A8 00 00 00 81 BC 24 A8 00 00 00 D2 31 E7
AC 0F 85 63 00 00 00 83 BC 24 AC 00 00 00 00 0F
84 10 00 00 00 C7 84 24 64 01 00 00 00 00 00 00
E9 97 05 00 00 48 8B 84 24 20 01 00 00 48 8B 8C
24 00 01 00 00 0F B7 94 24 F6 00 00 00 48 63 D2
48 01 D1 48 83 C1 04 48 29 C8 89 C2 48 8B 84 24
18 01 00 00 0F B7 8C 24 F6 00 00 00 48 63 C9 03
14 08 89 14 08 E9 E9 03 00 00 48 C7 84 24 A0 00
00 00 00 00 00 00 C7 84 24 9C 00 00 00 00 00 00
00 8B 84 24 9C 00 00 00 3B 05 8A 9B FF FF 0F 8D
5A 00 00 00 48 8B 05 85 9B FF FF 48 63 8C 24 9C
00 00 00 8B 04 88 3B 84 24 A8 00 00 00 0F 85 20
00 00 00 48 8B 05 6E 9B FF FF 48 63 8C 24 9C 00
00 00 48 8B 04 C8 48 89 84 24 A0 00 00 00 E9 1B
00 00 00 E9 00 00 00 00 8B 84 24 9C 00 00 00 83
C0 01 89 84 24 9C 00 00 00 E9 93 FF FF FF 48 83
BC 24 A0 00 00 00 00 0F 85 ED 00 00 00 81 BC 24
A8 00 00 00 E4 60 99 A6 0F 85 56 00 00 00 48 8B
05 9B 4E FF FF 48 89 84 24 90 00 00 00 48 8B 84
24 90 00 00 00 81 38 4D 5A 90 00 0F 84 1E 00 00
00 E9 00 00 00 00 48 8B 84 24 90 00 00 00 48 83
C0 FF 48 89 84 24 90 00 00 00 E9 CE FF FF FF 48
8B 84 24 90 00 00 00 48 89 84 24 A0 00 00 00 E9
45 00 00 00 48 8D 8C 24 B0 00 00 00 FF 15 6E 4D
FF FF 48 89 84 24 88 00 00 00 48 83 BC 24 88 00
00 00 00 0F 85 10 00 00 00 C7 84 24 64 01 00 00
00 00 00 00 E9 23 04 00 00 48 8B 84 24 88 00 00
00 48 89 84 24 A0 00 00 00 8B 94 24 A8 00 00 00
48 8B 05 69 9A FF FF 48 63 0D 5A 9A FF FF 89 14
88 48 8B 94 24 A0 00 00 00 48 8B 05 58 9A FF FF
48 63 0D 41 9A FF FF 48 89 14 C8 8B 05 37 9A FF
FF 83 C0 01 89 05 2E 9A FF FF 48 C7 84 24 80 00
00 00 00 00 00 00 C7 44 24 7C 00 00 00 00 8B 44
24 7C 3B 05 28 9A FF FF 0F 8D 51 00 00 00 48 8B
05 23 9A FF FF 48 63 4C 24 7C 8B 04 88 3B 84 24
AC 00 00 00 0F 85 20 00 00 00 48 8B 05 0F 9A FF
FF 48 63 4C 24 7C 48 C1 E1 03 48 01 C8 48 89 84
24 80 00 00 00 E9 15 00 00 00 E9 00 00 00 00 8B
44 24 7C 83 C0 01 89 44 24 7C E9 9F FF FF FF 48
83 BC 24 80 00 00 00 00 0F 85 7A 01 00 00 48 8B
84 24 A0 00 00 00 48 89 44 24 70 48 8B 84 24 A0
00 00 00 48 8B 4C 24 70 48 63 49 3C 48 01 C8 48
89 44 24 68 48 8B 84 24 A0 00 00 00 48 8B 4C 24
68 8B 89 88 00 00 00 48 01 C8 48 89 44 24 60 48
8B 84 24 A0 00 00 00 48 8B 4C 24 60 8B 49 20 48
01 C8 48 89 44 24 58 48 8B 84 24 A0 00 00 00 48
8B 4C 24 60 8B 49 1C 48 01 C8 48 89 44 24 50 48
8B 84 24 A0 00 00 00 48 8B 4C 24 60 8B 49 24 48
01 C8 48 89 44 24 48 C7 44 24 44 00 00 00 00 8B
44 24 44 48 8B 4C 24 60 3B 41 18 0F 83 D2 00 00
00 48 8B 84 24 A0 00 00 00 48 8B 4C 24 58 48 63
54 24 44 8B 0C 91 48 01 C8 48 89 44 24 38 48 8B
4C 24 38 E8 E8 53 FD FF 89 C2 48 8B 4C 24 38 E8
FC 02 00 00 3B 84 24 AC 00 00 00 0F 85 7D 00 00
00 8B 94 24 AC 00 00 00 48 8B 05 D9 98 FF FF 48
63 0D CA 98 FF FF 89 14 88 48 8B 94 24 A0 00 00
00 48 8B 44 24 50 48 8B 4C 24 48 4C 63 44 24 44
42 0F B7 0C 41 8B 04 88 48 01 C2 48 8B 05 AE 98
FF FF 48 63 0D 97 98 FF FF 48 89 14 C8 48 8B 05
9C 98 FF FF 48 63 0D 85 98 FF FF 48 C1 E1 03 48
01 C8 48 89 84 24 80 00 00 00 8B 05 70 98 FF FF
83 C0 01 89 05 67 98 FF FF E9 15 00 00 00 E9 00
00 00 00 8B 44 24 44 83 C0 01 89 44 24 44 E9 1C
FF FF FF E9 00 00 00 00 48 83 BC 24 80 00 00 00
00 0F 84 12 00 00 00 48 8B 84 24 80 00 00 00 48
83 38 00 0F 85 10 00 00 00 C7 84 24 64 01 00 00
00 00 00 00 E9 A3 01 00 00 48 8B 84 24 80 00 00
00 48 8B 8C 24 00 01 00 00 0F B7 94 24 F6 00 00
00 48 01 D1 48 83 C1 04 48 29 C8 89 C2 48 8B 84
24 18 01 00 00 0F B7 8C 24 F6 00 00 00 48 63 C9
89 14 08 E9 00 00 00 00 48 63 8C 24 FC 00 00 00
48 83 C1 02 48 83 C1 04 48 83 C1 01 48 63 84 24
F8 00 00 00 48 01 C8 89 84 24 F8 00 00 00 E9 05
FA FF FF 0F B7 84 24 42 01 00 00 41 89 C1 4C 8B
84 24 18 01 00 00 0F B7 84 24 42 01 00 00 89 C2
48 8B 8C 24 00 01 00 00 E8 53 65 FC FF 44 8A 8C
24 46 01 00 00 44 8A 84 24 47 01 00 00 0F B7 94
24 42 01 00 00 48 8B 8C 24 18 01 00 00 E8 FE 00
00 00 0F B7 84 24 42 01 00 00 89 C2 48 8B 8C 24
00 01 00 00 41 B8 20 00 00 00 4C 8D 4C 24 34 FF
15 C3 4A FF FF 83 F8 00 0F 85 10 00 00 00 C7 84
24 64 01 00 00 00 00 00 00 E9 AE 00 00 00 48 8B
8C 24 00 01 00 00 48 8B 84 24 18 01 00 00 48 89
08 44 8A 8C 24 46 01 00 00 44 8A 84 24 47 01 00
00 0F B7 94 24 44 01 00 00 48 8B 8C 24 20 01 00
00 E8 8A 00 00 00 48 8B 84 24 18 01 00 00 48 8B
00 0F B7 8C 24 12 01 00 00 48 01 C8 4C 8B 9C 24
A8 01 00 00 4C 8B 8C 24 A0 01 00 00 4C 8B 84 24
98 01 00 00 8B 94 24 90 01 00 00 48 8B 8C 24 58
01 00 00 49 89 E2 4D 89 5A 20 FF D0 44 8A 8C 24
46 01 00 00 44 8A 84 24 47 01 00 00 0F B7 94 24
44 01 00 00 48 8B 8C 24 20 01 00 00 E8 1F 00 00
00 C7 84 24 64 01 00 00 01 00 00 00 8B 84 24 64
01 00 00 48 81 C4 68 01 00 00 C3 0F 1F 44 00 00
48 83 EC 18 44 88 4C 24 17 44 88 44 24 16 89 54
24 10 48 89 4C 24 08 C7 44 24 04 00 00 00 00 8B
44 24 04 3B 44 24 10 0F 8D 3B 00 00 00 48 8B 44
24 08 48 63 4C 24 04 0F B6 04 08 0F B6 4C 24 16
31 C8 0F B6 4C 24 17 31 C8 88 C2 48 8B 44 24 08
48 63 4C 24 04 88 14 08 8B 44 24 04 83 C0 01 89
44 24 04 E9 B7 FF FF FF 48 83 C4 18 C3 0F 1F 00
48 83 EC 18 89 54 24 14 48 89 4C 24 08 C7 44 24
04 00 00 00 00 C7 04 24 00 00 00 00 8B 04 24 3B
44 24 14 0F 8D 32 00 00 00 48 8B 44 24 08 48 63
0C 24 0F BE 04 08 03 44 24 04 89 44 24 04 8B 44
24 04 C1 E0 08 2B 44 24 04 89 44 24 04 8B 04 24
83 C0 01 89 04 24 E9 C1 FF FF FF 8B 44 24 04 48
83 C4 18 C3 66 66 66 2E 0F 1F 84 00 00 00 00 00