48 89 4C 24 08 48 83 EC 58 48 8B 44 24 60 48 89
44 24 30 48 8B 44 24 30 48 63 40 3C 48 8B 4C 24
60 48 03 C8 48 8B C1 48 89 44 24 38 B8 08 00 00
00 48 6B C0 00 48 8B 4C 24 38 8B 84 01 88 00 00
00 48 8B 4C 24 60 48 03 C8 48 8B C1 48 89 44 24
40 48 8B 54 24 40 48 8B 4C 24 60 E8 30 00 00 00
48 89 44 24 28 48 83 7C 24 28 00 74 1C C6 44 24
20 00 41 B9 40 00 00 00 4C 8D 44 24 20 48 8D 54
24 20 33 C9 FF 54 24 28 90 48 83 C4 58 C3 CC CC
48 89 54 24 10 48 89 4C 24 08 48 83 EC 38 48 8B
44 24 48 8B 40 1C 48 8B 4C 24 40 48 03 C8 48 8B
C1 48 89 44 24 20 48 8B 44 24 48 8B 40 20 48 8B
4C 24 40 48 03 C8 48 8B C1 48 89 44 24 10 48 8B
44 24 48 8B 40 24 48 8B 4C 24 40 48 03 C8 48 8B
C1 48 89 44 24 18 C7 04 24 00 00 00 00 EB 08 8B
04 24 FF C0 89 04 24 48 8B 44 24 48 8B 40 18 39
04 24 73 69 48 63 04 24 48 8B 4C 24 10 8B 04 81
48 8B 4C 24 40 48 03 C8 48 8B C1 48 89 44 24 08
48 8B 44 24 08 0F B6 00 83 F8 4D 75 3E 48 8B 44
24 08 0F B6 40 01 83 F8 65 75 30 48 8B 44 24 08
0F B6 40 0A 83 F8 41 75 22 48 63 04 24 48 8B 4C
24 18 0F B7 04 41 48 8B 4C 24 20 8B 04 81 48 8B
4C 24 40 48 03 C8 48 8B C1 EB 04 EB 82 33 C0 48
83 C4 38 C3